9.849526878465370603e+65
9.280644357980353234e+65
4.697447041356885221e+65
5.954024310144296664e+64
1.178269225302466751e+66
1.020929296699202252e+66
3.131484129005893975e+65
3.604345498707770432e+64
1.370089149251228233e+66
1.109756319812468191e+66
2.097888782368301431e+65
2.811543022244039197e+65
1.562755592356149352e+66
1.196734146741437566e+66
1.443503797591390718e+65
5.850480196735993719e+65
1.659293887727113408e+66
2.040487708532351101e+66
1.251849145974135134e+66
1.770904075146352989e+65
1.986857583151912157e+66
2.309623917934104918e+66
8.739793499836335796e+65
1.091822952157563816e+65
2.309714760857886123e+66
2.553922562961874582e+66
5.969742527097853193e+65
8.401862615628910839e+65
2.632278773006429121e+66
2.784439138988356306e+66
4.140031218269211077e+65
1.728289585081243917e+66
2.204034332912487695e+66
2.900806778657934781e+66
2.021417143647405514e+66
3.153438207241642766e+65
2.627515840433242056e+66
3.316472201891092652e+66
1.469963213482158065e+66
1.970993039948814564e+65
3.047892196290446236e+66
3.697220088420467212e+66
1.025830955485032333e+66
1.480668246332524285e+66
3.468250657742791130e+66
4.056055495425527877e+66
7.190260946032919503e+65
2.983468717368381512e+66
2.763980977823330729e+66
3.591764421665607430e+66
2.710523055673209100e+66
4.615928555542311087e+65
3.281113047254947355e+66
4.102182837859920188e+66
2.038025881030831886e+66
2.917489837994358149e+65
3.798496350334139654e+66
4.573538222639650046e+66
1.452180577743785675e+66
2.122958445789126150e+66
4.319040664752469459e+66
5.021716454529784482e+66
1.030101614897946485e+66
4.157682234724627818e+66
